0.0909091 1.40894e+06 0 1.02602e+10 1.40894e+06 0 1.26283e+09 0 0 8.99739e+09 0 0 0 0 0 0 0 0 0 0 0 0 138775 902037 0 0 0 0
0.142518 627466 0 1.59751e+10 627466 0 2.02559e+09 0 0 1.39496e+10 0 0 0 0 0 0 0 0 0 0 0 0 138775 902037 0 0 0 0
0.192328 3.95904e+06 0 2.17078e+10 3.95904e+06 0 2.78305e+09 0 0 1.89248e+10 0 0 0 0 0 0 0 0 0 0 0 0 138775 902037 0 0 0 0
0.243075 3.80638e+07 0 2.78295e+10 3.80638e+07 0 3.55586e+09 0 0 2.42736e+10 0 0 0 0 0 0 0 0 0 0 0 0 138775 902037 0 0 0 0
0.291787 1.38182e+08 0 3.39506e+10 1.38182e+08 0 4.26878e+09 0 0 2.96818e+10 0 0 0 0 0 0 0 0 0 0 0 0 138775 902037 0 0 0 0
0.341353 2.99215e+08 0 4.01633e+10 2.99215e+08 0 4.94221e+09 0 0 3.52211e+10 0 0 0 0 0 0 0 0 0 0 0 0 138775 902037 0 0 0 0
0.391011 5.24515e+08 0 4.57613e+10 5.24515e+08 0 5.5022e+09 0 0 4.02591e+10 0 0 0 0 0 0 0 0 0 0 0 0 138775 902037 0 0 0 0
0.441644 7.30815e+08 0 5.05687e+10 7.30815e+08 0 5.98704e+09 0 0 4.45817e+10 0 0 0 0 0 0 0 0 0 0 0 0 138775 902037 0 0 0 0
0.491874 9.40588e+08 0 5.51e+10 9.40588e+08 0 6.39282e+09 0 0 4.87072e+10 0 0 0 0 0 0 0 0 0 0 0 0 138775 902037 0 0 0 0
0.541439 1.17647e+09 0 5.93213e+10 1.17647e+09 0 6.73823e+09 0 0 5.25831e+10 0 0 0 0 0 0 0 0 0 0 0 0 138775 902037 0 0 0 0
0.591828 1.4552e+09 0 6.30505e+10 1.4552e+09 0 6.98114e+09 0 0 5.60694e+10 0 0 0 0 0 0 0 0 0 0 0 0 138775 902037 0 0 0 0
0.642377 1.73343e+09 0 6.63859e+10 1.73343e+09 0 7.15052e+09 0 0 5.92354e+10 0 0 0 0 0 0 0 0 0 0 0 0 138775 902037 0 0 0 0
0.692362 1.99811e+09 0 6.83185e+10 1.99811e+09 0 7.21236e+09 0 0 6.11061e+10 0 0 0 0 0 0 0 0 0 0 0 0 138775 902037 0 0 0 0
0.741013 2.15748e+09 0 6.90882e+10 2.15748e+09 0 7.22256e+09 0 0 6.18657e+10 0 0 0 0 0 0 0 0 0 0 0 0 138775 902037 0 0 0 0
0.791228 2.27753e+09 0 6.92257e+10 2.27753e+09 0 7.18844e+09 0 0 6.20373e+10 0 0 0 0 0 0 0 0 0 0 0 0 138775 902037 0 0 0 0
0.842869 2.33399e+09 0 6.87174e+10 2.33399e+09 0 7.11537e+09 0 0 6.16021e+10 0 0 0 0 0 0 0 0 0 0 0 0 138775 902037 0 0 0 0
0.891595 2.33896e+09 0 6.79382e+10 2.33896e+09 0 7.01665e+09 0 0 6.09215e+10 0 0 0 0 0 0 0 0 0 0 0 0 138775 902037 0 0 0 0
0.940932 2.32337e+09 0 6.72227e+10 2.32337e+09 0 6.90354e+09 0 0 6.03191e+10 0 0 0 0 0 0 0 0 0 0 0 0 138775 902037 0 0 0 0
0.993 2.31202e+09 0 6.6569e+10 2.31202e+09 0 6.77921e+09 0 0 5.97898e+10 0 0 0 0 0 0 0 0 0 0 0 0 138775 902037 0 0 0 0
