0.00909085 1.40894e+06 0 1.02602e+09 1.40894e+06 0 1.26282e+08 0 0 8.99733e+08 0 0 0 0 0 0 0 0 0 0 0 0 138775 902037 0 0 0 0
0.0591525 4.35458e+09 0 3.06939e+11 4.35458e+09 0 3.65085e+10 0 0 2.70431e+11 0 0 0 0 0 0 0 0 0 0 0 0 138775 902037 0 0 0 0
0.109172 2.01001e+10 0 5.65873e+11 2.01001e+10 0 5.78728e+10 0 0 5.08001e+11 0 0 0 0 0 0 0 0 0 0 0 0 138775 902037 0 0 0 0
0.159251 3.59583e+10 0 7.52214e+11 3.59583e+10 0 6.82211e+10 0 0 6.83992e+11 0 0 0 0 0 0 0 0 0 0 0 0 138775 902037 0 0 0 0
0.209146 4.58801e+10 0 8.45712e+11 4.58801e+10 0 7.19294e+10 0 0 7.73782e+11 0 0 0 0 0 0 0 0 0 0 0 0 138775 902037 0 0 0 0
0.259207 5.63015e+10 0 1.00837e+12 5.63015e+10 0 8.24963e+10 0 0 9.25869e+11 0 0 0 0 0 0 0 0 0 0 0 0 138775 902037 0 0 0 0
0.309136 6.35961e+10 0 1.14291e+12 6.35961e+10 0 9.51589e+10 0 0 1.04775e+12 0 0 0 0 0 0 0 0 0 0 0 0 138775 902037 0 0 0 0
0.359284 7.95986e+10 0 1.38415e+12 7.95986e+10 0 1.18774e+11 0 0 1.26538e+12 0 0 0 0 0 0 0 0 0 0 0 0 138775 902037 0 0 0 0
0.409148 1.00402e+11 0 1.65235e+12 1.00402e+11 0 1.2738e+11 0 0 1.52497e+12 0 0 0 0 0 0 0 0 0 0 0 0 138775 902037 0 0 0 0
0.459165 1.0378e+11 0 1.67173e+12 1.0378e+11 0 1.2705e+11 0 0 1.54468e+12 0 0 0 0 0 0 0 0 0 0 0 0 138775 902037 0 0 0 0
0.50927 1.20855e+11 0 1.77053e+12 1.20855e+11 0 1.26204e+11 0 0 1.64433e+12 0 0 0 0 0 0 0 0 0 0 0 0 138775 902037 0 0 0 0
0.559199 1.19426e+11 0 1.8114e+12 1.19426e+11 0 1.33632e+11 0 0 1.67777e+12 0 0 0 0 0 0 0 0 0 0 0 0 138775 902037 0 0 0 0
0.609111 1.28707e+11 0 1.98802e+12 1.28707e+11 0 1.4293e+11 0 0 1.84509e+12 0 0 0 0 0 0 0 0 0 0 0 0 138775 902037 0 0 0 0
0.659114 1.55748e+11 0 2.48196e+12 1.55748e+11 0 1.91688e+11 0 0 2.29027e+12 0 0 0 0 0 0 0 0 0 0 0 0 138775 902037 0 0 0 0
0.709142 2.34417e+11 0 3.01076e+12 2.34417e+11 0 1.83779e+11 0 0 2.82698e+12 0 0 0 0 0 0 0 0 0 0 0 0 138775 902037 0 0 0 0
0.759254 1.87713e+11 0 2.40533e+12 1.87713e+11 0 1.41176e+11 0 0 2.26416e+12 0 0 0 0 0 0 0 0 0 0 0 0 138775 902037 0 0 0 0
0.809184 1.83306e+11 0 2.40747e+12 1.83306e+11 0 1.37167e+11 0 0 2.2703e+12 0 0 0 0 0 0 0 0 0 0 0 0 138775 902037 0 0 0 0
0.859188 2.15809e+11 0 2.87645e+12 2.15809e+11 0 1.65237e+11 0 0 2.71121e+12 0 0 0 0 0 0 0 0 0 0 0 0 138775 902037 0 0 0 0
0.909146 2.80662e+11 0 2.93122e+12 2.80662e+11 0 1.37303e+11 0 0 2.79391e+12 0 0 0 0 0 0 0 0 0 0 0 0 138775 902037 0 0 0 0
0.959254 2.33405e+11 0 2.49502e+12 2.33405e+11 0 1.22739e+11 0 0 2.37228e+12 0 0 0 0 0 0 0 0 0 0 0 0 138775 902037 0 0 0 0
